0.00,0.00,0.00,0.00,0.00,0.00,0.00,0.00,0.00
1.00,0.00,0.00,0.00,0.00,0.00,0.00,0.00,2.00
2.00,0.00,0.00,0.00,0.00,0.00,2.00,0.00,1.00
3.00,0.00,0.00,0.00,0.00,1.00,3.00,0.00,2.00
4.00,0.00,0.00,0.00,0.00,1.00,4.00,0.00,3.00
5.00,0.00,0.00,0.00,0.00,1.00,5.00,1.00,4.00
6.00,0.00,0.00,0.00,0.00,2.00,8.00,1.00,6.00
7.00,0.00,0.00,0.00,0.00,2.00,11.00,1.00,8.00
8.00,0.00,0.00,0.00,0.00,4.00,15.00,2.00,11.00
9.00,0.00,0.00,0.00,0.00,5.00,21.00,3.00,16.00
10.00,0.00,0.00,0.00,0.00,7.00,30.00,4.00,23.00
11.00,0.00,0.00,0.00,0.00,10.00,43.00,5.00,33.00
12.00,0.00,0.00,0.00,0.00,15.00,61.00,7.00,47.00
13.00,0.00,0.00,0.00,0.00,21.00,86.00,10.00,66.00
14.00,0.00,0.00,0.00,0.00,29.00,123.00,15.00,94.00
15.00,0.00,0.00,0.00,0.00,42.00,174.00,21.00,133.00
16.00,0.00,0.00,0.00,0.00,59.00,246.00,30.00,188.00
17.00,0.00,0.00,0.00,0.00,84.00,348.00,42.00,267.00
18.00,0.00,0.00,0.00,0.00,119.00,493.00,59.00,378.00
19.00,0.00,0.00,0.00,0.00,168.00,696.00,84.00,536.00
20.00,0.00,0.00,0.00,0.00,238.00,980.00,119.00,757.00
21.00,0.00,0.00,0.00,0.00,335.00,1377.00,168.00,1069.00
22.00,0.00,0.00,0.00,0.00,472.00,1926.00,236.00,1506.00
23.00,0.00,0.00,0.00,0.00,662.00,2677.00,331.00,2114.00
24.00,0.00,0.00,0.00,0.00,923.00,3689.00,462.00,2955.00
25.00,0.00,0.00,0.00,0.00,1279.00,5023.00,640.00,4103.00
26.00,0.00,0.00,0.00,0.00,1755.00,6725.00,877.00,5646.00
27.00,0.00,0.00,0.00,0.00,2375.00,8803.00,1188.00,7675.00
28.00,0.00,0.00,0.00,0.00,3158.00,11175.00,1579.00,10260.00
29.00,0.00,0.00,0.00,0.00,4099.00,13632.00,2050.00,13414.00
30.00,0.00,0.00,0.00,0.00,5160.00,15811.00,2580.00,17041.00
31.00,0.00,0.00,0.00,0.00,6256.00,17267.00,3128.00,20885.00
32.00,0.00,0.00,0.00,0.00,7257.00,17644.00,3629.00,24532.00
33.00,0.00,0.00,0.00,0.00,8022.00,16881.00,4011.00,27495.00
34.00,0.00,0.00,0.00,0.00,8445.00,15267.00,4222.00,29381.00
35.00,0.00,0.00,0.00,0.00,8497.00,13254.00,4248.00,30041.00
36.00,0.00,0.00,0.00,0.00,8223.00,11219.00,4111.00,29586.00
37.00,0.00,0.00,0.00,0.00,7714.00,9365.00,3857.00,28275.00
38.00,0.00,0.00,0.00,0.00,7064.00,7758.00,3532.00,26398.00
39.00,0.00,0.00,0.00,0.00,6353.00,6401.00,3177.00,24203.00
40.00,0.00,0.00,0.00,0.00,5637.00,5268.00,2819.00,21878.00
41.00,0.00,0.00,0.00,0.00,4952.00,4330.00,2476.00,19557.00
42.00,0.00,0.00,0.00,0.00,4317.00,3556.00,2159.00,17327.00
43.00,0.00,0.00,0.00,0.00,3743.00,2919.00,1871.00,15241.00
44.00,0.00,0.00,0.00,0.00,3231.00,2396.00,1615.00,13328.00
45.00,0.00,0.00,0.00,0.00,2780.00,1966.00,1390.00,11599.00
46.00,0.00,0.00,0.00,0.00,2386.00,1615.00,1193.00,10055.00
47.00,0.00,0.00,0.00,0.00,2044.00,1326.00,1022.00,8689.00
48.00,0.00,0.00,0.00,0.00,1749.00,1090.00,874.00,7488.00
49.00,0.00,0.00,0.00,0.00,1495.00,897.00,747.00,6439.00
50.00,0.00,0.00,0.00,0.00,1277.00,738.00,639.00,5527.00
51.00,0.00,0.00,0.00,0.00,1090.00,608.00,545.00,4738.00
52.00,0.00,0.00,0.00,0.00,931.00,502.00,465.00,4056.00
53.00,0.00,0.00,0.00,0.00,795.00,414.00,397.00,3469.00
54.00,0.00,0.00,0.00,0.00,679.00,342.00,339.00,2965.00
55.00,0.00,0.00,0.00,0.00,579.00,283.00,290.00,2533.00
56.00,0.00,0.00,0.00,0.00,495.00,235.00,247.00,2162.00
57.00,0.00,0.00,0.00,0.00,423.00,195.00,211.00,1846.00
58.00,0.00,0.00,0.00,0.00,362.00,162.00,181.00,1576.00
59.00,0.00,0.00,0.00,0.00,309.00,135.00,155.00,1345.00
60.00,0.00,0.00,0.00,0.00,265.00,112.00,132.00,1148.00
61.00,0.00,0.00,0.00,0.00,226.00,93.00,113.00,980.00
62.00,0.00,0.00,0.00,0.00,194.00,78.00,97.00,837.00
63.00,0.00,0.00,0.00,0.00,166.00,65.00,83.00,715.00
64.00,0.00,0.00,0.00,0.00,143.00,55.00,71.00,611.00
65.00,0.00,0.00,0.00,0.00,122.00,46.00,61.00,522.00
66.00,0.00,0.00,0.00,0.00,105.00,39.00,52.00,446.00
67.00,0.00,0.00,0.00,0.00,90.00,32.00,45.00,382.00
68.00,0.00,0.00,0.00,0.00,77.00,27.00,39.00,327.00
69.00,0.00,0.00,0.00,0.00,67.00,23.00,33.00,280.00
70.00,0.00,0.00,0.00,0.00,57.00,19.00,29.00,240.00
71.00,0.00,0.00,0.00,0.00,49.00,16.00,25.00,205.00
72.00,0.00,0.00,0.00,0.00,42.00,14.00,21.00,176.00
73.00,0.00,0.00,0.00,0.00,37.00,12.00,18.00,151.00
74.00,0.00,0.00,0.00,0.00,31.00,10.00,16.00,130.00
75.00,0.00,0.00,0.00,0.00,27.00,9.00,14.00,111.00
76.00,0.00,0.00,0.00,0.00,23.00,7.00,12.00,96.00
77.00,0.00,0.00,0.00,0.00,20.00,6.00,10.00,82.00
78.00,0.00,0.00,0.00,0.00,17.00,5.00,9.00,71.00
79.00,0.00,0.00,0.00,0.00,15.00,5.00,8.00,61.00
80.00,0.00,0.00,0.00,0.00,13.00,4.00,6.00,52.00
81.00,0.00,0.00,0.00,0.00,11.00,3.00,6.00,45.00
82.00,0.00,0.00,0.00,0.00,10.00,3.00,5.00,39.00
83.00,0.00,0.00,0.00,0.00,8.00,2.00,4.00,34.00
84.00,0.00,0.00,0.00,0.00,7.00,2.00,4.00,29.00
85.00,0.00,0.00,0.00,0.00,6.00,2.00,3.00,25.00
86.00,0.00,0.00,0.00,0.00,5.00,2.00,3.00,22.00
87.00,0.00,0.00,0.00,0.00,5.00,1.00,2.00,19.00
88.00,0.00,0.00,0.00,0.00,4.00,1.00,2.00,16.00
89.00,0.00,0.00,0.00,0.00,4.00,1.00,2.00,14.00
90.00,0.00,0.00,0.00,0.00,3.00,1.00,2.00,12.00
91.00,0.00,0.00,0.00,0.00,3.00,1.00,1.00,10.00
92.00,0.00,0.00,0.00,0.00,2.00,1.00,1.00,9.00
93.00,0.00,0.00,0.00,0.00,2.00,1.00,1.00,8.00
94.00,0.00,0.00,0.00,0.00,2.00,0.00,1.00,7.00
95.00,0.00,0.00,0.00,0.00,1.00,0.00,1.00,6.00
96.00,0.00,0.00,0.00,0.00,1.00,0.00,1.00,5.00
97.00,0.00,0.00,0.00,0.00,1.00,0.00,1.00,4.00
98.00,0.00,0.00,0.00,0.00,1.00,0.00,0.00,4.00
99.00,0.00,0.00,0.00,0.00,1.00,0.00,0.00,3.00
100.00,0.00,0.00,0.00,0.00,1.00,0.00,0.00,3.00
101.00,0.00,0.00,0.00,0.00,1.00,0.00,0.00,2.00
102.00,0.00,0.00,0.00,0.00,1.00,0.00,0.00,2.00
103.00,0.00,0.00,0.00,0.00,0.00,0.00,0.00,2.00
104.00,0.00,0.00,0.00,0.00,0.00,0.00,0.00,2.00
105.00,0.00,0.00,0.00,0.00,0.00,0.00,0.00,1.00
106.00,0.00,0.00,0.00,0.00,0.00,0.00,0.00,1.00
107.00,0.00,0.00,0.00,0.00,0.00,0.00,0.00,1.00
108.00,0.00,0.00,0.00,0.00,0.00,0.00,0.00,1.00
109.00,0.00,0.00,0.00,0.00,0.00,0.00,0.00,1.00
110.00,0.00,0.00,0.00,0.00,0.00,0.00,0.00,1.00
111.00,0.00,0.00,0.00,0.00,0.00,0.00,0.00,1.00
112.00,0.00,0.00,0.00,0.00,0.00,0.00,0.00,1.00
113.00,0.00,0.00,0.00,0.00,0.00,0.00,0.00,0.00
114.00,0.00,0.00,0.00,0.00,0.00,0.00,0.00,0.00
115.00,0.00,0.00,0.00,0.00,0.00,0.00,0.00,0.00
116.00,0.00,0.00,0.00,0.00,0.00,0.00,0.00,0.00
117.00,0.00,0.00,0.00,0.00,0.00,0.00,0.00,0.00
118.00,0.00,0.00,0.00,0.00,0.00,0.00,0.00,0.00
119.00,0.00,0.00,0.00,0.00,0.00,0.00,0.00,0.00
120.00,0.00,0.00,0.00,0.00,0.00,0.00,0.00,0.00
121.00,0.00,0.00,0.00,0.00,0.00,0.00,0.00,0.00
122.00,0.00,0.00,0.00,0.00,0.00,0.00,0.00,0.00
123.00,0.00,0.00,0.00,0.00,0.00,0.00,0.00,0.00
124.00,0.00,0.00,0.00,0.00,0.00,0.00,0.00,0.00
125.00,0.00,0.00,0.00,0.00,0.00,0.00,0.00,0.00
126.00,0.00,0.00,0.00,0.00,0.00,0.00,0.00,0.00
127.00,0.00,0.00,0.00,0.00,0.00,0.00,0.00,0.00
128.00,0.00,0.00,0.00,0.00,0.00,0.00,0.00,0.00
129.00,0.00,0.00,0.00,0.00,0.00,0.00,0.00,0.00
130.00,0.00,0.00,0.00,0.00,0.00,0.00,0.00,0.00
131.00,0.00,0.00,0.00,0.00,0.00,0.00,0.00,0.00
132.00,0.00,0.00,0.00,0.00,0.00,0.00,0.00,0.00
133.00,0.00,0.00,0.00,0.00,0.00,0.00,0.00,0.00
134.00,0.00,0.00,0.00,0.00,0.00,0.00,0.00,0.00
135.00,0.00,0.00,0.00,0.00,0.00,0.00,0.00,0.00
136.00,0.00,0.00,0.00,0.00,0.00,0.00,0.00,0.00
137.00,0.00,0.00,0.00,0.00,0.00,0.00,0.00,0.00
138.00,0.00,0.00,0.00,0.00,0.00,0.00,0.00,0.00
139.00,0.00,0.00,0.00,0.00,0.00,0.00,0.00,0.00
140.00,0.00,0.00,0.00,0.00,0.00,0.00,0.00,0.00
141.00,0.00,0.00,0.00,0.00,0.00,0.00,0.00,0.00
142.00,0.00,0.00,0.00,0.00,0.00,0.00,0.00,0.00
143.00,0.00,0.00,0.00,0.00,0.00,0.00,0.00,0.00
144.00,0.00,0.00,0.00,0.00,0.00,0.00,0.00,0.00
145.00,0.00,0.00,0.00,0.00,0.00,0.00,0.00,0.00
146.00,0.00,0.00,0.00,0.00,0.00,0.00,0.00,0.00
147.00,0.00,0.00,0.00,0.00,0.00,0.00,0.00,0.00
148.00,0.00,0.00,0.00,0.00,0.00,0.00,0.00,0.00
149.00,0.00,0.00,0.00,0.00,0.00,0.00,0.00,0.00
150.00,0.00,0.00,0.00,0.00,0.00,0.00,0.00,0.00
151.00,0.00,0.00,0.00,0.00,0.00,0.00,0.00,0.00
152.00,0.00,0.00,0.00,0.00,0.00,0.00,0.00,0.00
153.00,0.00,0.00,0.00,0.00,0.00,0.00,0.00,0.00
154.00,0.00,0.00,0.00,0.00,0.00,0.00,0.00,0.00
155.00,0.00,0.00,0.00,0.00,0.00,0.00,0.00,0.00
156.00,0.00,0.00,0.00,0.00,0.00,0.00,0.00,0.00
157.00,0.00,0.00,0.00,0.00,0.00,0.00,0.00,0.00
158.00,0.00,0.00,0.00,0.00,0.00,0.00,0.00,0.00
159.00,0.00,0.00,0.00,0.00,0.00,0.00,0.00,0.00
160.00,0.00,0.00,0.00,0.00,0.00,0.00,0.00,0.00
161.00,0.00,0.00,0.00,0.00,0.00,0.00,0.00,0.00
162.00,0.00,0.00,0.00,0.00,0.00,0.00,0.00,0.00
163.00,0.00,0.00,0.00,0.00,0.00,0.00,0.00,0.00
164.00,0.00,0.00,0.00,0.00,0.00,0.00,0.00,0.00
165.00,0.00,0.00,0.00,0.00,0.00,0.00,0.00,0.00
166.00,0.00,0.00,0.00,0.00,0.00,0.00,0.00,0.00
167.00,0.00,0.00,0.00,0.00,0.00,0.00,0.00,0.00
168.00,0.00,0.00,0.00,0.00,0.00,0.00,0.00,0.00
169.00,0.00,0.00,0.00,0.00,0.00,0.00,0.00,0.00
170.00,0.00,0.00,0.00,0.00,0.00,0.00,0.00,0.00
171.00,0.00,0.00,0.00,0.00,0.00,0.00,0.00,0.00
172.00,0.00,0.00,0.00,0.00,0.00,0.00,0.00,0.00
173.00,0.00,0.00,0.00,0.00,0.00,0.00,0.00,0.00
174.00,0.00,0.00,0.00,0.00,0.00,0.00,0.00,0.00
175.00,0.00,0.00,0.00,0.00,0.00,0.00,0.00,0.00
176.00,0.00,0.00,0.00,0.00,0.00,0.00,0.00,0.00
177.00,0.00,0.00,0.00,0.00,0.00,0.00,0.00,0.00
178.00,0.00,0.00,0.00,0.00,0.00,0.00,0.00,0.00
179.00,0.00,0.00,0.00,0.00,0.00,0.00,0.00,0.00
180.00,0.00,0.00,0.00,0.00,0.00,0.00,0.00,0.00
181.00,0.00,0.00,0.00,0.00,0.00,0.00,0.00,0.00
182.00,0.00,0.00,0.00,0.00,0.00,0.00,0.00,0.00
183.00,0.00,0.00,0.00,0.00,0.00,0.00,0.00,0.00
184.00,0.00,0.00,0.00,0.00,0.00,0.00,0.00,0.00
185.00,0.00,0.00,0.00,0.00,0.00,0.00,0.00,0.00
186.00,0.00,0.00,0.00,0.00,0.00,0.00,0.00,0.00
187.00,0.00,0.00,0.00,0.00,0.00,0.00,0.00,0.00
188.00,0.00,0.00,0.00,0.00,0.00,0.00,0.00,0.00
189.00,0.00,0.00,0.00,0.00,0.00,0.00,0.00,0.00
190.00,0.00,0.00,0.00,0.00,0.00,0.00,0.00,0.00
191.00,0.00,0.00,0.00,0.00,0.00,0.00,0.00,0.00
192.00,0.00,0.00,0.00,0.00,0.00,0.00,0.00,0.00
193.00,0.00,0.00,0.00,0.00,0.00,0.00,0.00,0.00
194.00,0.00,0.00,0.00,0.00,0.00,0.00,0.00,0.00
195.00,0.00,0.00,0.00,0.00,0.00,0.00,0.00,0.00
196.00,0.00,0.00,0.00,0.00,0.00,0.00,0.00,0.00
197.00,0.00,0.00,0.00,0.00,0.00,0.00,0.00,0.00
198.00,0.00,0.00,0.00,0.00,0.00,0.00,0.00,0.00
199.00,0.00,0.00,0.00,0.00,0.00,0.00,0.00,0.00
200.00,0.00,0.00,0.00,0.00,0.00,0.00,0.00,0.00
201.00,0.00,0.00,0.00,0.00,0.00,0.00,0.00,0.00
202.00,0.00,0.00,0.00,0.00,0.00,0.00,0.00,0.00
203.00,0.00,0.00,0.00,0.00,0.00,0.00,0.00,0.00
204.00,0.00,0.00,0.00,0.00,0.00,0.00,0.00,0.00
205.00,0.00,0.00,0.00,0.00,0.00,0.00,0.00,0.00
206.00,0.00,0.00,0.00,0.00,0.00,0.00,0.00,0.00
207.00,0.00,0.00,0.00,0.00,0.00,0.00,0.00,0.00
208.00,0.00,0.00,0.00,0.00,0.00,0.00,0.00,0.00
209.00,0.00,0.00,0.00,0.00,0.00,0.00,0.00,0.00
210.00,0.00,0.00,0.00,0.00,0.00,0.00,0.00,0.00
211.00,0.00,0.00,0.00,0.00,0.00,0.00,0.00,0.00
212.00,0.00,0.00,0.00,0.00,0.00,0.00,0.00,0.00
213.00,0.00,0.00,0.00,0.00,0.00,0.00,0.00,0.00
214.00,0.00,0.00,0.00,0.00,0.00,0.00,0.00,0.00
215.00,0.00,0.00,0.00,0.00,0.00,0.00,0.00,0.00
216.00,0.00,0.00,0.00,0.00,0.00,0.00,0.00,0.00
217.00,0.00,0.00,0.00,0.00,0.00,0.00,0.00,0.00
218.00,0.00,0.00,0.00,0.00,0.00,0.00,0.00,0.00
219.00,0.00,0.00,0.00,0.00,0.00,0.00,0.00,0.00
220.00,0.00,0.00,0.00,0.00,0.00,0.00,0.00,0.00
221.00,0.00,0.00,0.00,0.00,0.00,0.00,0.00,0.00
222.00,0.00,0.00,0.00,0.00,0.00,0.00,0.00,0.00
223.00,0.00,0.00,0.00,0.00,0.00,0.00,0.00,0.00
224.00,0.00,0.00,0.00,0.00,0.00,0.00,0.00,0.00
225.00,0.00,0.00,0.00,0.00,0.00,0.00,0.00,0.00
226.00,0.00,0.00,0.00,0.00,0.00,0.00,0.00,0.00
227.00,0.00,0.00,0.00,0.00,0.00,0.00,0.00,0.00
228.00,0.00,0.00,0.00,0.00,0.00,0.00,0.00,0.00
229.00,0.00,0.00,0.00,0.00,0.00,0.00,0.00,0.00
230.00,0.00,0.00,0.00,0.00,0.00,0.00,0.00,0.00
231.00,0.00,0.00,0.00,0.00,0.00,0.00,0.00,0.00
232.00,0.00,0.00,0.00,0.00,0.00,0.00,0.00,0.00
233.00,0.00,0.00,0.00,0.00,0.00,0.00,0.00,0.00
234.00,0.00,0.00,0.00,0.00,0.00,0.00,0.00,0.00
235.00,0.00,0.00,0.00,0.00,0.00,0.00,0.00,0.00
236.00,0.00,0.00,0.00,0.00,0.00,0.00,0.00,0.00
237.00,0.00,0.00,0.00,0.00,0.00,0.00,0.00,0.00
238.00,0.00,0.00,0.00,0.00,0.00,0.00,0.00,0.00
239.00,0.00,0.00,0.00,0.00,0.00,0.00,0.00,0.00
240.00,0.00,0.00,0.00,0.00,0.00,0.00,0.00,0.00
241.00,0.00,0.00,0.00,0.00,0.00,0.00,0.00,0.00
242.00,0.00,0.00,0.00,0.00,0.00,0.00,0.00,0.00
243.00,0.00,0.00,0.00,0.00,0.00,0.00,0.00,0.00
244.00,0.00,0.00,0.00,0.00,0.00,0.00,0.00,0.00
245.00,0.00,0.00,0.00,0.00,0.00,0.00,0.00,0.00
246.00,0.00,0.00,0.00,0.00,0.00,0.00,0.00,0.00
247.00,0.00,0.00,0.00,0.00,0.00,0.00,0.00,0.00
248.00,0.00,0.00,0.00,0.00,0.00,0.00,0.00,0.00
249.00,0.00,0.00,0.00,0.00,0.00,0.00,0.00,0.00
250.00,0.00,0.00,0.00,0.00,0.00,0.00,0.00,0.00
251.00,0.00,0.00,0.00,0.00,0.00,0.00,0.00,0.00
252.00,0.00,0.00,0.00,0.00,0.00,0.00,0.00,0.00
253.00,0.00,0.00,0.00,0.00,0.00,0.00,0.00,0.00
254.00,0.00,0.00,0.00,0.00,0.00,0.00,0.00,0.00
255.00,0.00,0.00,0.00,0.00,0.00,0.00,0.00,0.00
256.00,0.00,0.00,0.00,0.00,0.00,0.00,0.00,0.00
257.00,0.00,0.00,0.00,0.00,0.00,0.00,0.00,0.00
258.00,0.00,0.00,0.00,0.00,0.00,0.00,0.00,0.00
259.00,0.00,0.00,0.00,0.00,0.00,0.00,0.00,0.00
260.00,0.00,0.00,0.00,0.00,0.00,0.00,0.00,0.00
261.00,0.00,0.00,0.00,0.00,0.00,0.00,0.00,0.00
262.00,0.00,0.00,0.00,0.00,0.00,0.00,0.00,0.00
263.00,0.00,0.00,0.00,0.00,0.00,0.00,0.00,0.00
264.00,0.00,0.00,0.00,0.00,0.00,0.00,0.00,0.00
265.00,0.00,0.00,0.00,0.00,0.00,0.00,0.00,0.00
266.00,0.00,0.00,0.00,0.00,0.00,0.00,0.00,0.00
267.00,0.00,0.00,0.00,0.00,0.00,0.00,0.00,0.00
268.00,0.00,0.00,0.00,0.00,0.00,0.00,0.00,0.00
269.00,0.00,0.00,0.00,0.00,0.00,0.00,0.00,0.00
270.00,0.00,0.00,0.00,0.00,0.00,0.00,0.00,0.00
271.00,0.00,0.00,0.00,0.00,0.00,0.00,0.00,0.00
272.00,0.00,0.00,0.00,0.00,0.00,0.00,0.00,0.00
273.00,0.00,0.00,0.00,0.00,0.00,0.00,0.00,0.00
274.00,0.00,0.00,0.00,0.00,0.00,0.00,0.00,0.00
275.00,0.00,0.00,0.00,0.00,0.00,0.00,0.00,0.00
276.00,0.00,0.00,0.00,0.00,0.00,0.00,0.00,0.00
277.00,0.00,0.00,0.00,0.00,0.00,0.00,0.00,0.00
278.00,0.00,0.00,0.00,0.00,0.00,0.00,0.00,0.00
279.00,0.00,0.00,0.00,0.00,0.00,0.00,0.00,0.00
280.00,0.00,0.00,0.00,0.00,0.00,0.00,0.00,0.00
281.00,0.00,0.00,0.00,0.00,0.00,0.00,0.00,0.00
282.00,0.00,0.00,0.00,0.00,0.00,0.00,0.00,0.00
283.00,0.00,0.00,0.00,0.00,0.00,0.00,0.00,0.00
284.00,0.00,0.00,0.00,0.00,0.00,0.00,0.00,0.00
285.00,0.00,0.00,0.00,0.00,0.00,0.00,0.00,0.00
286.00,0.00,0.00,0.00,0.00,0.00,0.00,0.00,0.00
287.00,0.00,0.00,0.00,0.00,0.00,0.00,0.00,0.00
288.00,0.00,0.00,0.00,0.00,0.00,0.00,0.00,0.00
289.00,0.00,0.00,0.00,0.00,0.00,0.00,0.00,0.00
290.00,0.00,0.00,0.00,0.00,0.00,0.00,0.00,0.00
291.00,0.00,0.00,0.00,0.00,0.00,0.00,0.00,0.00
292.00,0.00,0.00,0.00,0.00,0.00,0.00,0.00,0.00
293.00,0.00,0.00,0.00,0.00,0.00,0.00,0.00,0.00
294.00,0.00,0.00,0.00,0.00,0.00,0.00,0.00,0.00
295.00,0.00,0.00,0.00,0.00,0.00,0.00,0.00,0.00
296.00,0.00,0.00,0.00,0.00,0.00,0.00,0.00,0.00
297.00,0.00,0.00,0.00,0.00,0.00,0.00,0.00,0.00
298.00,0.00,0.00,0.00,0.00,0.00,0.00,0.00,0.00
299.00,0.00,0.00,0.00,0.00,0.00,0.00,0.00,0.00
300.00,0.00,0.00,0.00,0.00,0.00,0.00,0.00,0.00
